Instance,Terminal,Layer,X location,Y location,Voltage
FILLER_35_237,VDD,Metal1,139.7200,152.8800,4.999965
FILLER_35_178,VDD,Metal1,106.6800,152.8800,4.999966
FILLER_35_104,VDD,Metal1,65.2400,152.8800,4.999972
FILLER_35_86,VDD,Metal1,55.1600,152.8800,4.999974
FILLER_35_70,VDD,Metal1,51.0080,153.5720,4.999974
FILLER_35_36,VDD,Metal1,27.4400,152.8800,4.999975
FILLER_35_18,VDD,Metal1,21.8880,153.5720,4.999976
FILLER_34_255,VDD,Metal1,149.8000,152.8800,4.999965
FILLER_34_253,VDD,Metal1,148.9600,152.8800,4.999965
FILLER_34_244,VDD,Metal1,143.6400,152.8800,4.999965
FILLER_34_107,VDD,Metal1,66.9200,152.8800,4.999972
FILLER_34_90,VDD,Metal1,57.6800,152.8800,4.999974
FILLER_34_45,VDD,Metal1,32.2000,152.8800,4.999974
FILLER_34_37,VDD,Metal1,30.1865,152.3030,4.999974
FILLER_34_34,VDD,Metal1,26.0400,152.8800,4.999976
FILLER_34_8,VDD,Metal1,11.4800,152.8800,4.999976
FILLER_34_6,VDD,Metal1,10.6400,152.8800,4.999976
FILLER_34_2,VDD,Metal1,9.3400,152.4475,4.999976
FILLER_33_200,VDD,Metal1,119.0000,145.0400,4.999924
FILLER_33_107,VDD,Metal1,68.1400,145.4725,4.999927
FILLER_33_87,VDD,Metal1,55.7200,145.0400,4.999935
FILLER_33_63,VDD,Metal1,42.5600,145.0400,4.999937
FILLER_33_33,VDD,Metal1,25.4800,145.0400,4.999941
FILLER_33_31,VDD,Metal1,24.6400,145.0400,4.999941
FILLER_32_255,VDD,Metal1,149.8000,145.0400,4.999924
FILLER_32_244,VDD,Metal1,143.6400,145.0400,4.999924
FILLER_32_189,VDD,Metal1,112.8400,145.0400,4.999924
FILLER_32_185,VDD,Metal1,111.8200,144.6075,4.999924
FILLER_32_166,VDD,Metal1,99.9600,145.0400,4.999925
FILLER_32_164,VDD,Metal1,99.1200,145.0400,4.999925
FILLER_32_133,VDD,Metal1,81.7600,145.0400,4.999925
FILLER_32_78,VDD,Metal1,50.6800,145.0400,4.999936
FILLER_32_37,VDD,Metal1,30.1865,144.4630,4.999937
FILLER_32_2,VDD,Metal1,9.3400,144.6075,4.999941
FILLER_31_255,VDD,Metal1,149.8000,137.2000,4.999955
FILLER_31_251,VDD,Metal1,148.7800,137.6325,4.999955
FILLER_31_206,VDD,Metal1,123.5800,137.6325,4.999955
FILLER_31_106,VDD,Metal1,67.5800,137.6325,4.999966
FILLER_31_98,VDD,Metal1,64.3465,137.7765,4.999966
FILLER_31_84,VDD,Metal1,54.0400,137.2000,4.999968
FILLER_31_82,VDD,Metal1,53.2000,137.2000,4.999968
FILLER_31_68,VDD,Metal1,45.3600,137.2000,4.999968
FILLER_31_58,VDD,Metal1,39.7600,137.2000,4.999969
FILLER_31_28,VDD,Metal1,22.6800,137.2000,4.999970
FILLER_31_26,VDD,Metal1,21.8400,137.2000,4.999970
FILLER_31_18,VDD,Metal1,19.5465,137.7765,4.999970
FILLER_31_2,VDD,Metal1,12.9280,137.8920,4.999970
FILLER_30_215,VDD,Metal1,127.4000,137.2000,4.999955
FILLER_30_211,VDD,Metal1,126.3800,136.7675,4.999955
FILLER_30_181,VDD,Metal1,108.3600,137.2000,4.999956
FILLER_30_177,VDD,Metal1,107.3400,136.7675,4.999956
FILLER_30_117,VDD,Metal1,72.5200,137.2000,4.999960
FILLER_30_115,VDD,Metal1,71.6800,137.2000,4.999960
FILLER_30_107,VDD,Metal1,69.3865,136.6230,4.999966
FILLER_30_104,VDD,Metal1,65.2400,137.2000,4.999966
FILLER_30_100,VDD,Metal1,64.2200,136.7675,4.999966
FILLER_30_92,VDD,Metal1,60.9865,136.6230,4.999966
FILLER_30_77,VDD,Metal1,50.1200,137.2000,4.999968
FILLER_30_31,VDD,Metal1,25.5800,136.7675,4.999969
FILLER_29_193,VDD,Metal1,115.0800,129.3600,4.999929
FILLER_29_139,VDD,Metal1,84.8400,129.3600,4.999931
FILLER_29_137,VDD,Metal1,84.0000,129.3600,4.999931
FILLER_29_98,VDD,Metal1,62.1600,129.3600,4.999934
FILLER_29_90,VDD,Metal1,59.8665,129.9365,4.999934
FILLER_29_82,VDD,Metal1,52.9200,129.3600,4.999936
FILLER_29_80,VDD,Metal1,52.0800,129.3600,4.999936
FILLER_29_63,VDD,Metal1,42.5600,129.3600,4.999938
FILLER_29_4,VDD,Metal1,9.2400,129.3600,4.999941
FILLER_29_2,VDD,Metal1,8.4000,129.3600,4.999941
FILLER_28_219,VDD,Metal1,129.6400,129.3600,4.999929
FILLER_28_189,VDD,Metal1,112.8400,129.3600,4.999930
FILLER_28_185,VDD,Metal1,111.8200,128.9275,4.999930
FILLER_28_155,VDD,Metal1,95.0200,128.9275,4.999931
FILLER_28_121,VDD,Metal1,74.7600,129.3600,4.999932
FILLER_28_117,VDD,Metal1,73.7400,128.9275,4.999932
FILLER_28_107,VDD,Metal1,67.2000,129.3600,4.999932
FILLER_28_96,VDD,Metal1,60.7600,129.3600,4.999934
FILLER_28_92,VDD,Metal1,59.7400,128.9275,4.999934
FILLER_28_70,VDD,Metal1,46.4800,129.3600,4.999937
FILLER_28_37,VDD,Metal1,28.9400,128.9275,4.999938
FILLER_28_34,VDD,Metal1,26.0400,129.3600,4.999941
FILLER_28_30,VDD,Metal1,25.0200,128.9275,4.999941
FILLER_28_24,VDD,Metal1,20.7200,129.3600,4.999941
FILLER_28_2,VDD,Metal1,8.4000,129.3600,4.999941
FILLER_27_93,VDD,Metal1,59.3600,121.5200,4.999868
FILLER_27_85,VDD,Metal1,57.0665,122.0965,4.999868
FILLER_27_72,VDD,Metal1,48.5400,121.9525,4.999892
FILLER_27_69,VDD,Metal1,45.6400,121.5200,4.999893
FILLER_27_65,VDD,Metal1,44.6200,121.9525,4.999893
FILLER_27_51,VDD,Metal1,35.8400,121.5200,4.999900
FILLER_27_43,VDD,Metal1,33.5465,122.0965,4.999900
FILLER_27_10,VDD,Metal1,13.8200,121.9525,4.999903
FILLER_27_2,VDD,Metal1,10.5865,122.0965,4.999903
FILLER_26_255,VDD,Metal1,149.8000,121.5200,4.999841
FILLER_26_227,VDD,Metal1,134.4000,121.5200,4.999841
FILLER_26_138,VDD,Metal1,84.2800,121.5200,4.999867
FILLER_26_136,VDD,Metal1,83.4400,121.5200,4.999867
FILLER_26_66,VDD,Metal1,43.9600,121.5200,4.999893
FILLER_26_64,VDD,Metal1,43.1200,121.5200,4.999893
FILLER_26_60,VDD,Metal1,41.8200,121.0875,4.999893
FILLER_26_51,VDD,Metal1,35.5600,121.5200,4.999900
FILLER_26_49,VDD,Metal1,34.7200,121.5200,4.999900
FILLER_26_45,VDD,Metal1,33.4200,121.0875,4.999900
FILLER_26_37,VDD,Metal1,30.1865,120.9430,4.999903
FILLER_26_34,VDD,Metal1,26.0400,121.5200,4.999903
FILLER_26_32,VDD,Metal1,25.2000,121.5200,4.999904
FILLER_26_2,VDD,Metal1,8.1200,121.5200,4.999903
FILLER_25_139,VDD,Metal1,84.8400,113.6800,4.999793
FILLER_25_137,VDD,Metal1,84.0000,113.6800,4.999793
FILLER_25_123,VDD,Metal1,77.1000,114.1125,4.999803
FILLER_25_77,VDD,Metal1,52.5865,114.2565,4.999806
FILLER_25_40,VDD,Metal1,29.4000,113.6800,4.999814
FILLER_25_36,VDD,Metal1,28.3800,114.1125,4.999862
FILLER_24_177,VDD,Metal1,106.4000,113.6800,4.999778
FILLER_24_151,VDD,Metal1,91.5600,113.6800,4.999789
FILLER_24_127,VDD,Metal1,78.1200,113.6800,4.999803
FILLER_24_125,VDD,Metal1,77.2800,113.6800,4.999803
FILLER_24_37,VDD,Metal1,28.0000,113.6800,4.999862
FILLER_24_26,VDD,Metal1,21.8400,113.6800,4.999867
FILLER_23_160,VDD,Metal1,96.6000,105.8400,4.999470
FILLER_23_158,VDD,Metal1,95.7600,105.8400,4.999470
FILLER_23_154,VDD,Metal1,94.4600,106.2725,4.999470
FILLER_23_142,VDD,Metal1,86.5200,105.8400,4.999471
FILLER_23_139,VDD,Metal1,84.8400,105.8400,4.999473
FILLER_23_137,VDD,Metal1,84.0000,105.8400,4.999473
FILLER_23_83,VDD,Metal1,54.7000,106.2725,4.999474
FILLER_23_74,VDD,Metal1,48.4400,105.8400,4.999505
FILLER_23_72,VDD,Metal1,47.6000,105.8400,4.999505
FILLER_23_36,VDD,Metal1,27.1600,105.8400,4.999904
FILLER_23_32,VDD,Metal1,26.1400,106.2725,4.999905
FILLER_23_2,VDD,Metal1,8.1200,105.8400,4.999916
FILLER_22_255,VDD,Metal1,149.8000,105.8400,4.999467
FILLER_22_145,VDD,Metal1,88.2000,105.8400,4.999470
FILLER_22_143,VDD,Metal1,87.3600,105.8400,4.999470
FILLER_22_139,VDD,Metal1,86.0600,105.4075,4.999471
FILLER_22_111,VDD,Metal1,69.4400,105.8400,4.999473
FILLER_22_107,VDD,Metal1,68.1400,105.4075,4.999473
FILLER_22_104,VDD,Metal1,65.2400,105.8400,4.999473
FILLER_22_102,VDD,Metal1,64.4000,105.8400,4.999473
FILLER_22_91,VDD,Metal1,58.2400,105.8400,4.999473
FILLER_22_83,VDD,Metal1,55.9465,105.2630,4.999473
FILLER_22_69,VDD,Metal1,45.6400,105.8400,4.999900
FILLER_22_67,VDD,Metal1,44.8000,105.8400,4.999900
FILLER_22_37,VDD,Metal1,28.9400,105.4075,4.999904
FILLER_22_10,VDD,Metal1,13.8200,105.4075,4.999916
FILLER_22_2,VDD,Metal1,10.5865,105.2630,4.999916
FILLER_21_203,VDD,Metal1,120.6800,98.0000,4.999952
FILLER_21_162,VDD,Metal1,97.7200,98.0000,4.999953
FILLER_21_158,VDD,Metal1,96.7000,98.4325,4.999953
FILLER_21_142,VDD,Metal1,91.3280,98.6920,4.999953
FILLER_21_139,VDD,Metal1,84.8400,98.0000,4.999953
FILLER_21_137,VDD,Metal1,84.0000,98.0000,4.999953
FILLER_21_133,VDD,Metal1,82.7000,98.4325,4.999953
FILLER_21_90,VDD,Metal1,57.4000,98.0000,4.999955
FILLER_21_82,VDD,Metal1,55.3865,98.5765,4.999955
FILLER_21_72,VDD,Metal1,47.6000,98.0000,4.999955
FILLER_21_40,VDD,Metal1,29.4000,98.0000,4.999957
FILLER_21_34,VDD,Metal1,26.0400,98.0000,4.999971
FILLER_21_26,VDD,Metal1,24.0265,98.5765,4.999971
FILLER_21_10,VDD,Metal1,13.8200,98.4325,4.999973
FILLER_21_2,VDD,Metal1,10.5865,98.5765,4.999973
FILLER_20_255,VDD,Metal1,149.8000,98.0000,4.999952
FILLER_20_244,VDD,Metal1,143.6400,98.0000,4.999952
FILLER_20_240,VDD,Metal1,142.6200,97.5675,4.999952
FILLER_20_185,VDD,Metal1,110.6000,98.0000,4.999952
FILLER_20_174,VDD,Metal1,104.4400,98.0000,4.999952
FILLER_20_165,VDD,Metal1,99.4000,98.0000,4.999953
FILLER_20_119,VDD,Metal1,73.6400,98.0000,4.999954
FILLER_20_117,VDD,Metal1,72.8000,98.0000,4.999954
FILLER_20_107,VDD,Metal1,67.2000,98.0000,4.999954
FILLER_20_104,VDD,Metal1,65.2400,98.0000,4.999954
FILLER_20_102,VDD,Metal1,64.4000,98.0000,4.999954
FILLER_20_86,VDD,Metal1,57.6265,97.4230,4.999955
FILLER_20_70,VDD,Metal1,51.0080,97.3080,4.999955
FILLER_20_65,VDD,Metal1,43.4000,98.0000,4.999957
FILLER_20_61,VDD,Metal1,42.3800,97.5675,4.999957
FILLER_20_50,VDD,Metal1,36.2200,97.5675,4.999958
FILLER_20_37,VDD,Metal1,28.0000,98.0000,4.999968
FILLER_20_26,VDD,Metal1,21.5600,98.0000,4.999973
FILLER_20_22,VDD,Metal1,20.5400,97.5675,4.999973
FILLER_20_6,VDD,Metal1,10.6400,98.0000,4.999973
FILLER_20_2,VDD,Metal1,9.3400,97.5675,4.999973
FILLER_19_209,VDD,Metal1,124.0400,90.1600,4.999824
FILLER_19_149,VDD,Metal1,90.4400,90.1600,4.999824
FILLER_19_131,VDD,Metal1,81.5800,90.5925,4.999824
FILLER_19_115,VDD,Metal1,76.2080,90.8520,4.999825
FILLER_19_84,VDD,Metal1,54.3200,90.1600,4.999839
FILLER_19_80,VDD,Metal1,53.0200,90.5925,4.999840
FILLER_19_66,VDD,Metal1,45.1800,90.5925,4.999843
FILLER_19_54,VDD,Metal1,38.4600,90.5925,4.999848
FILLER_19_38,VDD,Metal1,33.0880,90.8520,4.999884
FILLER_19_31,VDD,Metal1,24.6400,90.1600,4.999900
FILLER_18_179,VDD,Metal1,107.2400,90.1600,4.999824
FILLER_18_177,VDD,Metal1,106.4000,90.1600,4.999824
FILLER_18_115,VDD,Metal1,72.6200,89.7275,4.999825
FILLER_18_107,VDD,Metal1,69.3865,89.5830,4.999825
FILLER_18_103,VDD,Metal1,64.9600,90.1600,4.999826
FILLER_18_99,VDD,Metal1,63.6600,89.7275,4.999826
FILLER_18_89,VDD,Metal1,57.1200,90.1600,4.999826
FILLER_18_81,VDD,Metal1,54.8265,89.5830,4.999839
FILLER_18_65,VDD,Metal1,43.6800,90.1600,4.999847
FILLER_18_52,VDD,Metal1,36.1200,90.1600,4.999884
FILLER_18_37,VDD,Metal1,28.0000,90.1600,4.999890
FILLER_18_34,VDD,Metal1,26.0400,90.1600,4.999890
FILLER_18_23,VDD,Metal1,19.8800,90.1600,4.999900
FILLER_18_2,VDD,Metal1,10.5865,89.5830,4.999900
FILLER_17_252,VDD,Metal1,149.3400,82.7525,4.999978
FILLER_17_172,VDD,Metal1,103.3200,82.3200,4.999980
FILLER_17_151,VDD,Metal1,91.8400,82.3200,4.999981
FILLER_17_108,VDD,Metal1,67.4800,82.3200,4.999982
FILLER_17_104,VDD,Metal1,66.4600,82.7525,4.999982
FILLER_17_88,VDD,Metal1,61.0880,83.0120,4.999983
FILLER_17_80,VDD,Metal1,52.0800,82.3200,4.999983
FILLER_17_72,VDD,Metal1,49.7865,82.8965,4.999983
FILLER_17_63,VDD,Metal1,42.2800,82.3200,4.999984
FILLER_17_61,VDD,Metal1,41.4400,82.3200,4.999984
FILLER_17_57,VDD,Metal1,40.1400,82.7525,4.999984
FILLER_17_49,VDD,Metal1,36.9065,82.8965,4.999985
FILLER_17_43,VDD,Metal1,31.3600,82.3200,4.999985
FILLER_17_35,VDD,Metal1,29.0665,82.8965,4.999985
FILLER_17_10,VDD,Metal1,13.8200,82.7525,4.999986
FILLER_17_2,VDD,Metal1,10.5865,82.8965,4.999986
FILLER_16_174,VDD,Metal1,104.4400,82.3200,4.999980
FILLER_16_172,VDD,Metal1,103.6000,82.3200,4.999980
FILLER_16_161,VDD,Metal1,97.1600,82.3200,4.999981
FILLER_16_159,VDD,Metal1,96.3200,82.3200,4.999981
FILLER_16_118,VDD,Metal1,74.3000,81.8875,4.999981
FILLER_16_113,VDD,Metal1,70.2800,82.3200,4.999982
FILLER_16_111,VDD,Metal1,69.4400,82.3200,4.999982
FILLER_16_107,VDD,Metal1,68.1400,81.8875,4.999982
FILLER_16_104,VDD,Metal1,65.2400,82.3200,4.999983
FILLER_16_102,VDD,Metal1,64.4000,82.3200,4.999983
FILLER_16_94,VDD,Metal1,62.1065,81.7430,4.999983
FILLER_16_83,VDD,Metal1,53.7600,82.3200,4.999983
FILLER_16_75,VDD,Metal1,51.4665,81.7430,4.999983
FILLER_16_62,VDD,Metal1,41.7200,82.3200,4.999984
FILLER_16_58,VDD,Metal1,40.7000,81.8875,4.999984
FILLER_16_45,VDD,Metal1,33.4200,81.8875,4.999985
FILLER_16_37,VDD,Metal1,30.1865,81.7430,4.999985
FILLER_16_24,VDD,Metal1,21.6600,81.8875,4.999986
FILLER_16_10,VDD,Metal1,13.8200,81.8875,4.999986
FILLER_16_2,VDD,Metal1,10.5865,81.7430,4.999986
FILLER_15_214,VDD,Metal1,126.8400,74.4800,4.999962
FILLER_15_212,VDD,Metal1,126.0000,74.4800,4.999962
FILLER_15_139,VDD,Metal1,84.8400,74.4800,4.999964
FILLER_15_137,VDD,Metal1,84.0000,74.4800,4.999964
FILLER_15_89,VDD,Metal1,58.0600,74.9125,4.999967
FILLER_15_81,VDD,Metal1,54.8265,75.0565,4.999967
FILLER_15_68,VDD,Metal1,45.3600,74.4800,4.999972
FILLER_15_58,VDD,Metal1,39.7600,74.4800,4.999974
FILLER_15_54,VDD,Metal1,38.4600,74.9125,4.999974
FILLER_15_41,VDD,Metal1,31.1800,74.9125,4.999974
FILLER_15_33,VDD,Metal1,27.9465,75.0565,4.999974
FILLER_15_2,VDD,Metal1,8.4000,74.4800,4.999982
FILLER_14_177,VDD,Metal1,106.4000,74.4800,4.999963
FILLER_14_157,VDD,Metal1,95.2000,74.4800,4.999964
FILLER_14_109,VDD,Metal1,68.0400,74.4800,4.999964
FILLER_14_107,VDD,Metal1,67.2000,74.4800,4.999964
FILLER_14_104,VDD,Metal1,65.2400,74.4800,4.999964
FILLER_14_96,VDD,Metal1,63.2265,73.9030,4.999964
FILLER_14_80,VDD,Metal1,56.6080,73.7880,4.999967
FILLER_14_69,VDD,Metal1,45.6400,74.4800,4.999972
FILLER_14_67,VDD,Metal1,44.8000,74.4800,4.999972
FILLER_14_59,VDD,Metal1,42.5065,73.9030,4.999973
FILLER_14_33,VDD,Metal1,25.7600,74.4800,4.999982
FILLER_14_10,VDD,Metal1,12.6000,74.4800,4.999982
FILLER_14_2,VDD,Metal1,10.5865,73.9030,4.999982
FILLER_13_226,VDD,Metal1,133.5600,66.6400,4.999891
FILLER_13_224,VDD,Metal1,132.7200,66.6400,4.999891
FILLER_13_212,VDD,Metal1,125.7200,66.6400,4.999891
FILLER_13_176,VDD,Metal1,105.8400,66.6400,4.999896
FILLER_13_155,VDD,Metal1,93.8000,66.6400,4.999901
FILLER_13_144,VDD,Metal1,87.6400,66.6400,4.999909
FILLER_13_142,VDD,Metal1,86.8000,66.6400,4.999909
FILLER_13_131,VDD,Metal1,80.3600,66.6400,4.999910
FILLER_13_92,VDD,Metal1,58.5200,66.6400,4.999913
FILLER_13_90,VDD,Metal1,57.6800,66.6400,4.999916
FILLER_13_54,VDD,Metal1,39.7065,67.2165,4.999928
FILLER_13_44,VDD,Metal1,31.6400,66.6400,4.999934
FILLER_13_40,VDD,Metal1,30.6200,67.0725,4.999934
FILLER_13_18,VDD,Metal1,17.3600,66.6400,4.999937
FILLER_12_177,VDD,Metal1,106.4000,66.6400,4.999896
FILLER_12_104,VDD,Metal1,65.2400,66.6400,4.999913
FILLER_12_85,VDD,Metal1,55.8200,66.2075,4.999919
FILLER_12_64,VDD,Metal1,42.8400,66.6400,4.999928
FILLER_12_62,VDD,Metal1,42.0000,66.6400,4.999928
FILLER_12_54,VDD,Metal1,39.7065,66.0630,4.999928
FILLER_12_37,VDD,Metal1,30.1865,66.0630,4.999934
FILLER_12_31,VDD,Metal1,25.5800,66.2075,4.999937
FILLER_12_23,VDD,Metal1,22.3465,66.0630,4.999938
FILLER_12_6,VDD,Metal1,10.3600,66.6400,4.999937
FILLER_12_2,VDD,Metal1,9.3400,66.2075,4.999937
FILLER_11_223,VDD,Metal1,133.1000,59.2325,4.999718
FILLER_11_212,VDD,Metal1,125.7200,58.8000,4.999718
FILLER_11_176,VDD,Metal1,105.5600,58.8000,4.999725
FILLER_11_174,VDD,Metal1,104.7200,58.8000,4.999726
FILLER_11_151,VDD,Metal1,92.7800,59.2325,4.999738
FILLER_11_144,VDD,Metal1,87.6400,58.8000,4.999769
FILLER_11_142,VDD,Metal1,86.8000,58.8000,4.999769
FILLER_11_138,VDD,Metal1,84.5600,58.8000,4.999774
FILLER_11_44,VDD,Metal1,31.6400,58.8000,4.999840
FILLER_11_42,VDD,Metal1,30.8000,58.8000,4.999840
FILLER_11_38,VDD,Metal1,29.5000,59.2325,4.999840
FILLER_11_2,VDD,Metal1,9.3400,59.2325,4.999841
FILLER_10_244,VDD,Metal1,143.6400,58.8000,4.999718
FILLER_10_242,VDD,Metal1,142.8000,58.8000,4.999718
FILLER_10_179,VDD,Metal1,107.2400,58.8000,4.999725
FILLER_10_177,VDD,Metal1,106.4000,58.8000,4.999725
FILLER_10_167,VDD,Metal1,100.5200,58.8000,4.999727
FILLER_10_148,VDD,Metal1,89.8800,58.8000,4.999744
FILLER_10_146,VDD,Metal1,89.0400,58.8000,4.999744
FILLER_10_142,VDD,Metal1,87.7400,58.3675,4.999769
FILLER_10_107,VDD,Metal1,66.9200,58.8000,4.999793
FILLER_10_104,VDD,Metal1,65.2400,58.8000,4.999793
FILLER_10_102,VDD,Metal1,64.4000,58.8000,4.999793
FILLER_10_41,VDD,Metal1,29.9600,58.8000,4.999840
FILLER_10_37,VDD,Metal1,28.9400,58.3675,4.999840
FILLER_10_24,VDD,Metal1,21.6600,58.3675,4.999842
FILLER_10_16,VDD,Metal1,18.4265,58.2230,4.999842
FILLER_10_10,VDD,Metal1,12.6000,58.8000,4.999841
FILLER_10_2,VDD,Metal1,10.5865,58.2230,4.999841
FILLER_9_178,VDD,Metal1,106.6800,50.9600,4.999962
FILLER_9_157,VDD,Metal1,94.9200,50.9600,4.999963
FILLER_9_155,VDD,Metal1,94.0800,50.9600,4.999963
FILLER_9_151,VDD,Metal1,92.7800,51.3925,4.999966
FILLER_9_139,VDD,Metal1,84.8400,50.9600,4.999966
FILLER_9_135,VDD,Metal1,83.8200,51.3925,4.999967
FILLER_9_127,VDD,Metal1,80.5865,51.5365,4.999967
FILLER_9_77,VDD,Metal1,50.1200,50.9600,4.999973
FILLER_9_42,VDD,Metal1,30.5200,50.9600,4.999974
FILLER_9_34,VDD,Metal1,28.5065,51.5365,4.999975
FILLER_9_23,VDD,Metal1,19.8800,50.9600,4.999977
FILLER_9_12,VDD,Metal1,13.7200,50.9600,4.999977
FILLER_9_10,VDD,Metal1,12.8800,50.9600,4.999977
FILLER_9_2,VDD,Metal1,10.5865,51.5365,4.999977
FILLER_8_255,VDD,Metal1,149.8000,50.9600,4.999961
FILLER_8_244,VDD,Metal1,143.6400,50.9600,4.999961
FILLER_8_242,VDD,Metal1,142.8000,50.9600,4.999961
FILLER_8_177,VDD,Metal1,107.3400,50.5275,4.999962
FILLER_8_163,VDD,Metal1,98.5600,50.9600,4.999963
FILLER_8_155,VDD,Metal1,96.2665,50.3830,4.999963
FILLER_8_127,VDD,Metal1,78.1200,50.9600,4.999967
FILLER_8_125,VDD,Metal1,77.2800,50.9600,4.999967
FILLER_8_121,VDD,Metal1,75.9800,50.5275,4.999968
FILLER_8_111,VDD,Metal1,69.1600,50.9600,4.999968
FILLER_8_89,VDD,Metal1,56.8400,50.9600,4.999968
FILLER_8_87,VDD,Metal1,56.0000,50.9600,4.999968
FILLER_8_83,VDD,Metal1,54.7000,50.5275,4.999972
FILLER_8_65,VDD,Metal1,43.4000,50.9600,4.999973
FILLER_8_43,VDD,Metal1,33.5465,50.3830,4.999974
FILLER_8_34,VDD,Metal1,26.0400,50.9600,4.999977
FILLER_8_32,VDD,Metal1,25.2000,50.9600,4.999977
FILLER_8_22,VDD,Metal1,19.3200,50.9600,4.999977
FILLER_8_20,VDD,Metal1,18.4800,50.9600,4.999977
FILLER_8_8,VDD,Metal1,11.4800,50.9600,4.999977
FILLER_8_6,VDD,Metal1,10.6400,50.9600,4.999977
FILLER_8_2,VDD,Metal1,9.3400,50.5275,4.999977
FILLER_7_226,VDD,Metal1,133.5600,43.1200,4.999949
FILLER_7_193,VDD,Metal1,115.0800,43.1200,4.999950
FILLER_7_167,VDD,Metal1,101.7400,43.5525,4.999951
FILLER_7_159,VDD,Metal1,96.0400,43.1200,4.999951
FILLER_7_151,VDD,Metal1,94.0265,43.6965,4.999955
FILLER_7_118,VDD,Metal1,73.3600,43.1200,4.999957
FILLER_7_80,VDD,Metal1,51.8000,43.1200,4.999959
FILLER_7_78,VDD,Metal1,50.9600,43.1200,4.999959
FILLER_7_72,VDD,Metal1,47.3200,43.1200,4.999960
FILLER_7_66,VDD,Metal1,45.1800,43.5525,4.999960
FILLER_7_37,VDD,Metal1,27.7200,43.1200,4.999969
FILLER_7_35,VDD,Metal1,26.8800,43.1200,4.999969
FILLER_7_31,VDD,Metal1,25.5800,43.5525,4.999970
FILLER_7_8,VDD,Metal1,11.4800,43.1200,4.999970
FILLER_7_6,VDD,Metal1,10.6400,43.1200,4.999970
FILLER_7_2,VDD,Metal1,9.3400,43.5525,4.999970
FILLER_6_255,VDD,Metal1,149.8000,43.1200,4.999949
FILLER_6_241,VDD,Metal1,143.1800,42.6875,4.999949
FILLER_6_186,VDD,Metal1,111.1600,43.1200,4.999950
FILLER_6_174,VDD,Metal1,104.4400,43.1200,4.999951
FILLER_6_172,VDD,Metal1,103.6000,43.1200,4.999951
FILLER_6_154,VDD,Metal1,94.4600,42.6875,4.999955
FILLER_6_146,VDD,Metal1,91.2265,42.5430,4.999956
FILLER_6_131,VDD,Metal1,81.5800,42.6875,4.999956
FILLER_6_115,VDD,Metal1,71.6800,43.1200,4.999957
FILLER_6_107,VDD,Metal1,69.3865,42.5430,4.999957
FILLER_6_101,VDD,Metal1,64.7800,42.6875,4.999957
FILLER_6_93,VDD,Metal1,61.5465,42.5430,4.999957
FILLER_6_81,VDD,Metal1,52.6400,43.1200,4.999959
FILLER_6_77,VDD,Metal1,51.3400,42.6875,4.999959
FILLER_6_66,VDD,Metal1,43.9600,43.1200,4.999961
FILLER_6_62,VDD,Metal1,42.9400,42.6875,4.999968
FILLER_5_167,VDD,Metal1,100.5200,35.2800,4.999970
FILLER_5_165,VDD,Metal1,99.6800,35.2800,4.999970
FILLER_5_160,VDD,Metal1,96.6000,35.2800,4.999970
FILLER_5_158,VDD,Metal1,95.7600,35.2800,4.999970
FILLER_5_142,VDD,Metal1,91.3280,35.9720,4.999970
FILLER_5_124,VDD,Metal1,81.2480,35.9720,4.999970
FILLER_5_115,VDD,Metal1,71.4000,35.2800,4.999971
FILLER_5_72,VDD,Metal1,47.6000,35.2800,4.999973
FILLER_5_69,VDD,Metal1,45.6400,35.2800,4.999973
FILLER_5_67,VDD,Metal1,44.8000,35.2800,4.999973
FILLER_5_22,VDD,Metal1,19.6000,35.2800,4.999975
FILLER_5_4,VDD,Metal1,9.2400,35.2800,4.999975
FILLER_5_2,VDD,Metal1,8.4000,35.2800,4.999975
FILLER_4_255,VDD,Metal1,149.8000,35.2800,4.999967
FILLER_4_253,VDD,Metal1,148.9600,35.2800,4.999967
FILLER_4_227,VDD,Metal1,134.4000,35.2800,4.999967
FILLER_4_188,VDD,Metal1,112.2800,35.2800,4.999968
FILLER_4_159,VDD,Metal1,96.0400,35.2800,4.999970
FILLER_4_154,VDD,Metal1,93.2400,35.2800,4.999970
FILLER_4_129,VDD,Metal1,80.4600,34.8475,4.999970
FILLER_4_121,VDD,Metal1,77.2265,34.7030,4.999970
FILLER_4_107,VDD,Metal1,67.2000,35.2800,4.999971
FILLER_4_103,VDD,Metal1,64.9600,35.2800,4.999971
FILLER_4_87,VDD,Metal1,60.5280,34.5880,4.999971
FILLER_4_72,VDD,Metal1,47.3200,35.2800,4.999973
FILLER_4_70,VDD,Metal1,46.4800,35.2800,4.999973
FILLER_4_31,VDD,Metal1,25.5800,34.8475,4.999975
FILLER_3_181,VDD,Metal1,108.6400,27.4400,4.999947
FILLER_3_157,VDD,Metal1,94.9200,27.4400,4.999948
FILLER_3_153,VDD,Metal1,93.9000,27.8725,4.999948
FILLER_3_127,VDD,Metal1,78.4000,27.4400,4.999956
FILLER_3_100,VDD,Metal1,63.2800,27.4400,4.999961
FILLER_3_92,VDD,Metal1,60.9865,28.0165,4.999961
FILLER_3_72,VDD,Metal1,48.5400,27.8725,4.999962
FILLER_3_59,VDD,Metal1,40.0400,27.4400,4.999962
FILLER_3_57,VDD,Metal1,39.2000,27.4400,4.999962
FILLER_3_26,VDD,Metal1,21.8400,27.4400,4.999965
FILLER_2_227,VDD,Metal1,134.4000,27.4400,4.999946
FILLER_2_164,VDD,Metal1,98.8400,27.4400,4.999947
FILLER_2_160,VDD,Metal1,97.8200,27.0075,4.999947
FILLER_2_130,VDD,Metal1,79.8000,27.4400,4.999949
FILLER_2_107,VDD,Metal1,66.9200,27.4400,4.999960
FILLER_2_100,VDD,Metal1,63.0000,27.4400,4.999961
FILLER_2_98,VDD,Metal1,62.1600,27.4400,4.999961
FILLER_2_94,VDD,Metal1,60.8600,27.0075,4.999961
FILLER_2_37,VDD,Metal1,28.0000,27.4400,4.999964
FILLER_1_187,VDD,Metal1,111.7200,19.6000,4.999934
FILLER_1_154,VDD,Metal1,94.4600,20.0325,4.999935
FILLER_1_131,VDD,Metal1,81.5800,20.0325,4.999943
FILLER_1_72,VDD,Metal1,47.3200,19.6000,4.999946
FILLER_1_10,VDD,Metal1,12.8800,19.6000,4.999950
FILLER_1_2,VDD,Metal1,10.5865,20.1765,4.999950
FILLER_0_208,VDD,Metal1,123.4800,19.6000,4.999933
FILLER_0_206,VDD,Metal1,122.6400,19.6000,4.999933
FILLER_0_202,VDD,Metal1,120.4000,19.6000,4.999934
FILLER_0_172,VDD,Metal1,103.3200,19.6000,4.999934
FILLER_0_154,VDD,Metal1,94.4600,19.1675,4.999935
FILLER_0_138,VDD,Metal1,89.0880,18.9080,4.999935
FILLER_0_135,VDD,Metal1,82.6000,19.6000,4.999942
FILLER_0_133,VDD,Metal1,81.7600,19.6000,4.999943
FILLER_0_94,VDD,Metal1,62.1065,19.0230,4.999944
FILLER_0_78,VDD,Metal1,55.4880,18.9080,4.999945
FILLER_0_67,VDD,Metal1,44.5200,19.6000,4.999948
FILLER_0_65,VDD,Metal1,43.6800,19.6000,4.999948
FILLER_0_61,VDD,Metal1,42.3800,19.1675,4.999948
FILLER_0_33,VDD,Metal1,25.4800,19.6000,4.999950
FILLER_0_31,VDD,Metal1,24.6400,19.6000,4.999950
hold60,VDD,Metal1,85.6175,97.6355,4.999953
hold59,VDD,Metal1,71.0575,27.8040,4.999960
hold58,VDD,Metal1,128.8625,153.2440,4.999965
hold57,VDD,Metal1,125.3775,89.7955,4.999824
hold56,VDD,Metal1,115.2975,137.5640,4.999955
hold55,VDD,Metal1,97.5025,152.5155,4.999968
hold54,VDD,Metal1,133.9025,97.6355,4.999952
hold53,VDD,Metal1,136.5775,144.6755,4.999924
hold52,VDD,Metal1,109.1375,114.0440,4.999778
hold51,VDD,Metal1,136.7025,81.9555,4.999978
hold50,VDD,Metal1,97.5025,136.8355,4.999956
hold49,VDD,Metal1,113.7425,153.2440,4.999966
hold48,VDD,Metal1,137.1375,128.9955,4.999929
hold47,VDD,Metal1,141.0575,82.6840,4.999978
hold46,VDD,Metal1,100.8625,137.5640,4.999956
hold45,VDD,Metal1,142.8625,74.8440,4.999962
hold44,VDD,Metal1,116.9775,90.5240,4.999824
hold43,VDD,Metal1,96.2575,121.8840,4.999842
hold42,VDD,Metal1,34.2225,34.9155,4.999974
hold41,VDD,Metal1,80.0175,66.2755,4.999910
hold40,VDD,Metal1,31.8575,35.6440,4.999974
hold39,VDD,Metal1,78.3375,82.6840,4.999981
hold38,VDD,Metal1,34.6575,136.8355,4.999969
hold37,VDD,Metal1,18.5425,152.5155,4.999976
hold36,VDD,Metal1,34.0975,19.2355,4.999948
clkload6,VDD,Metal1,122.5165,98.4780,4.999952
clkload5,VDD,Metal1,107.5730,128.8725,4.999930
clkload4,VDD,Metal1,128.6500,59.3365,4.999718
clkload3,VDD,Metal1,119.0465,59.3920,4.999718
clkload2,VDD,Metal1,62.5700,113.1430,4.999805
clkload1,VDD,Metal1,54.1700,67.1765,4.999919
clkload0,VDD,Metal1,40.6465,51.5520,4.999973
clkbuf_3_7__f_CLK_I,VDD,Metal1,129.7710,113.1825,4.999770
clkbuf_3_6__f_CLK_I,VDD,Metal1,119.6910,121.0225,4.999841
clkbuf_3_5__f_CLK_I,VDD,Metal1,129.7710,66.1425,4.999891
clkbuf_3_4__f_CLK_I,VDD,Metal1,128.0910,58.3025,4.999718
clkbuf_3_3__f_CLK_I,VDD,Metal1,69.2910,106.3370,4.999473
clkbuf_3_2__f_CLK_I,VDD,Metal1,46.0685,113.1825,4.999806
clkbuf_3_1__f_CLK_I,VDD,Metal1,65.3710,59.2970,4.999793
clkbuf_3_0__f_CLK_I,VDD,Metal1,49.9885,58.3025,4.999793
clkbuf_0_CLK_I,VDD,Metal1,90.8685,89.6625,4.999824
max_cap35,VDD,Metal1,99.9380,98.4030,4.999953
max_cap34,VDD,Metal1,42.2580,137.6030,4.999968
output33,VDD,Metal1,12.5100,113.3500,4.999867
output32,VDD,Metal1,12.5100,66.9700,4.999937
output31,VDD,Metal1,145.4100,153.2100,4.999965
output30,VDD,Metal1,100.0500,129.0300,4.999930
output29,VDD,Metal1,97.2500,153.2100,4.999968
output28,VDD,Metal1,86.0500,152.5500,4.999969
output27,VDD,Metal1,111.2500,113.3500,4.999778
output26,VDD,Metal1,119.6500,129.6900,4.999929
output25,VDD,Metal1,90.5300,129.6900,4.999931
output24,VDD,Metal1,139.2500,121.1900,4.999841
output23,VDD,Metal1,139.2500,89.8300,4.999824
output22,VDD,Metal1,110.6900,82.6500,4.999979
output21,VDD,Metal1,78.2100,153.2100,4.999971
output20,VDD,Metal1,119.6500,51.2900,4.999962
output19,VDD,Metal1,119.6500,43.4500,4.999949
output18,VDD,Metal1,139.2500,27.1100,4.999946
output17,VDD,Metal1,116.8500,50.6300,4.999962
output16,VDD,Metal1,145.4100,19.2700,4.999933
output15,VDD,Metal1,119.6500,35.6100,4.999967
output14,VDD,Metal1,119.6500,27.7700,4.999946
output13,VDD,Metal1,119.6500,19.9300,4.999934
input12,VDD,Metal1,12.1300,27.7700,4.999965
input11,VDD,Metal1,12.1300,153.2100,4.999976
input10,VDD,Metal1,113.3100,27.1100,4.999947
input9,VDD,Metal1,131.4100,74.8100,4.999962
input8,VDD,Metal1,111.0700,74.8100,4.999962
input7,VDD,Metal1,119.6500,82.6500,4.999978
input6,VDD,Metal1,119.6500,74.8100,4.999962
input5,VDD,Metal1,117.2300,74.1500,4.999962
input4,VDD,Metal1,111.2500,66.3100,4.999894
input3,VDD,Metal1,119.6500,66.9700,4.999891
input2,VDD,Metal1,139.6300,34.9500,4.999967
input1,VDD,Metal1,88.2900,153.2100,4.999969
TAP_TAPCELL_ROW_35_204,VDD,Metal1,140.5600,153.5500,4.999965
TAP_TAPCELL_ROW_35_203,VDD,Metal1,121.5200,153.5500,4.999966
TAP_TAPCELL_ROW_35_202,VDD,Metal1,102.4800,153.5500,4.999968
TAP_TAPCELL_ROW_35_201,VDD,Metal1,83.4400,153.5500,4.999969
TAP_TAPCELL_ROW_35_200,VDD,Metal1,64.4000,153.5500,4.999973
TAP_TAPCELL_ROW_35_199,VDD,Metal1,45.3600,153.5500,4.999974
TAP_TAPCELL_ROW_35_198,VDD,Metal1,26.3200,153.5500,4.999976
TAP_TAPCELL_ROW_34_197,VDD,Metal1,144.4800,152.2100,4.999965
TAP_TAPCELL_ROW_34_196,VDD,Metal1,105.2800,152.2100,4.999966
TAP_TAPCELL_ROW_34_195,VDD,Metal1,66.0800,152.2100,4.999972
TAP_TAPCELL_ROW_34_194,VDD,Metal1,26.8800,152.2100,4.999975
TAP_TAPCELL_ROW_33_193,VDD,Metal1,124.8800,145.7100,4.999924
TAP_TAPCELL_ROW_33_192,VDD,Metal1,85.6800,145.7100,4.999925
TAP_TAPCELL_ROW_33_191,VDD,Metal1,46.4800,145.7100,4.999937
TAP_TAPCELL_ROW_32_190,VDD,Metal1,144.4800,144.3700,4.999924
TAP_TAPCELL_ROW_32_189,VDD,Metal1,105.2800,144.3700,4.999924
TAP_TAPCELL_ROW_32_188,VDD,Metal1,66.0800,144.3700,4.999927
TAP_TAPCELL_ROW_32_187,VDD,Metal1,26.8800,144.3700,4.999938
TAP_TAPCELL_ROW_31_186,VDD,Metal1,124.8800,137.8700,4.999955
TAP_TAPCELL_ROW_31_185,VDD,Metal1,85.6800,137.8700,4.999957
TAP_TAPCELL_ROW_31_184,VDD,Metal1,46.4800,137.8700,4.999968
TAP_TAPCELL_ROW_30_183,VDD,Metal1,144.4800,136.5300,4.999955
TAP_TAPCELL_ROW_30_182,VDD,Metal1,105.2800,136.5300,4.999956
TAP_TAPCELL_ROW_30_181,VDD,Metal1,66.0800,136.5300,4.999966
TAP_TAPCELL_ROW_30_180,VDD,Metal1,26.8800,136.5300,4.999969
TAP_TAPCELL_ROW_29_179,VDD,Metal1,124.8800,130.0300,4.999929
TAP_TAPCELL_ROW_29_178,VDD,Metal1,85.6800,130.0300,4.999931
TAP_TAPCELL_ROW_29_177,VDD,Metal1,46.4800,130.0300,4.999937
TAP_TAPCELL_ROW_28_176,VDD,Metal1,144.4800,128.6900,4.999929
TAP_TAPCELL_ROW_28_175,VDD,Metal1,105.2800,128.6900,4.999930
TAP_TAPCELL_ROW_28_174,VDD,Metal1,66.0800,128.6900,4.999932
TAP_TAPCELL_ROW_28_173,VDD,Metal1,26.8800,128.6900,4.999939
TAP_TAPCELL_ROW_27_172,VDD,Metal1,124.8800,122.1900,4.999841
TAP_TAPCELL_ROW_27_171,VDD,Metal1,85.6800,122.1900,4.999866
TAP_TAPCELL_ROW_27_170,VDD,Metal1,46.4800,122.1900,4.999892
TAP_TAPCELL_ROW_26_169,VDD,Metal1,144.4800,120.8500,4.999841
TAP_TAPCELL_ROW_26_168,VDD,Metal1,105.2800,120.8500,4.999841
TAP_TAPCELL_ROW_26_167,VDD,Metal1,66.0800,120.8500,4.999868
TAP_TAPCELL_ROW_26_166,VDD,Metal1,26.8800,120.8500,4.999903
TAP_TAPCELL_ROW_25_165,VDD,Metal1,124.8800,114.3500,4.999770
TAP_TAPCELL_ROW_25_164,VDD,Metal1,85.6800,114.3500,4.999789
TAP_TAPCELL_ROW_25_163,VDD,Metal1,46.4800,114.3500,4.999806
TAP_TAPCELL_ROW_24_162,VDD,Metal1,144.4800,113.0100,4.999770
TAP_TAPCELL_ROW_24_161,VDD,Metal1,105.2800,113.0100,4.999778
TAP_TAPCELL_ROW_24_160,VDD,Metal1,66.0800,113.0100,4.999805
TAP_TAPCELL_ROW_24_159,VDD,Metal1,26.8800,113.0100,4.999862
TAP_TAPCELL_ROW_23_158,VDD,Metal1,124.8800,106.5100,4.999468
TAP_TAPCELL_ROW_23_157,VDD,Metal1,85.6800,106.5100,4.999471
TAP_TAPCELL_ROW_23_156,VDD,Metal1,46.4800,106.5100,4.999899
TAP_TAPCELL_ROW_22_155,VDD,Metal1,144.4800,105.1700,4.999467
TAP_TAPCELL_ROW_22_154,VDD,Metal1,105.2800,105.1700,4.999469
TAP_TAPCELL_ROW_22_153,VDD,Metal1,66.0800,105.1700,4.999473
TAP_TAPCELL_ROW_22_152,VDD,Metal1,26.8800,105.1700,4.999905
TAP_TAPCELL_ROW_21_151,VDD,Metal1,124.8800,98.6700,4.999952
TAP_TAPCELL_ROW_21_150,VDD,Metal1,85.6800,98.6700,4.999953
TAP_TAPCELL_ROW_21_149,VDD,Metal1,46.4800,98.6700,4.999956
TAP_TAPCELL_ROW_20_148,VDD,Metal1,144.4800,97.3300,4.999952
TAP_TAPCELL_ROW_20_147,VDD,Metal1,105.2800,97.3300,4.999952
TAP_TAPCELL_ROW_20_146,VDD,Metal1,66.0800,97.3300,4.999954
TAP_TAPCELL_ROW_20_145,VDD,Metal1,26.8800,97.3300,4.999968
TAP_TAPCELL_ROW_19_144,VDD,Metal1,124.8800,90.8300,4.999824
TAP_TAPCELL_ROW_19_143,VDD,Metal1,85.6800,90.8300,4.999824
TAP_TAPCELL_ROW_19_142,VDD,Metal1,46.4800,90.8300,4.999843
TAP_TAPCELL_ROW_18_141,VDD,Metal1,144.4800,89.4900,4.999824
TAP_TAPCELL_ROW_18_140,VDD,Metal1,105.2800,89.4900,4.999824
TAP_TAPCELL_ROW_18_139,VDD,Metal1,66.0800,89.4900,4.999826
TAP_TAPCELL_ROW_18_138,VDD,Metal1,26.8800,89.4900,4.999890
TAP_TAPCELL_ROW_17_137,VDD,Metal1,124.8800,82.9900,4.999978
TAP_TAPCELL_ROW_17_136,VDD,Metal1,85.6800,82.9900,4.999981
TAP_TAPCELL_ROW_17_135,VDD,Metal1,46.4800,82.9900,4.999984
TAP_TAPCELL_ROW_16_134,VDD,Metal1,144.4800,81.6500,4.999978
TAP_TAPCELL_ROW_16_133,VDD,Metal1,105.2800,81.6500,4.999980
TAP_TAPCELL_ROW_16_132,VDD,Metal1,66.0800,81.6500,4.999982
TAP_TAPCELL_ROW_16_131,VDD,Metal1,26.8800,81.6500,4.999986
TAP_TAPCELL_ROW_15_130,VDD,Metal1,124.8800,75.1500,4.999962
TAP_TAPCELL_ROW_15_129,VDD,Metal1,85.6800,75.1500,4.999964
TAP_TAPCELL_ROW_15_128,VDD,Metal1,46.4800,75.1500,4.999967
TAP_TAPCELL_ROW_14_127,VDD,Metal1,144.4800,73.8100,4.999962
TAP_TAPCELL_ROW_14_126,VDD,Metal1,105.2800,73.8100,4.999963
TAP_TAPCELL_ROW_14_125,VDD,Metal1,66.0800,73.8100,4.999964
TAP_TAPCELL_ROW_14_124,VDD,Metal1,26.8800,73.8100,4.999981
TAP_TAPCELL_ROW_13_123,VDD,Metal1,124.8800,67.3100,4.999891
TAP_TAPCELL_ROW_13_122,VDD,Metal1,85.6800,67.3100,4.999909
TAP_TAPCELL_ROW_13_121,VDD,Metal1,46.4800,67.3100,4.999922
TAP_TAPCELL_ROW_12_120,VDD,Metal1,144.4800,65.9700,4.999891
TAP_TAPCELL_ROW_12_119,VDD,Metal1,105.2800,65.9700,4.999897
TAP_TAPCELL_ROW_12_118,VDD,Metal1,66.0800,65.9700,4.999912
TAP_TAPCELL_ROW_12_117,VDD,Metal1,26.8800,65.9700,4.999935
TAP_TAPCELL_ROW_11_116,VDD,Metal1,124.8800,59.4700,4.999718
TAP_TAPCELL_ROW_11_115,VDD,Metal1,85.6800,59.4700,4.999774
TAP_TAPCELL_ROW_11_114,VDD,Metal1,46.4800,59.4700,4.999793
TAP_TAPCELL_ROW_10_113,VDD,Metal1,144.4800,58.1300,4.999718
TAP_TAPCELL_ROW_10_112,VDD,Metal1,105.2800,58.1300,4.999725
TAP_TAPCELL_ROW_10_111,VDD,Metal1,66.0800,58.1300,4.999793
TAP_TAPCELL_ROW_10_110,VDD,Metal1,26.8800,58.1300,4.999841
TAP_TAPCELL_ROW_9_109,VDD,Metal1,124.8800,51.6300,4.999962
TAP_TAPCELL_ROW_9_108,VDD,Metal1,85.6800,51.6300,4.999966
TAP_TAPCELL_ROW_9_107,VDD,Metal1,46.4800,51.6300,4.999973
TAP_TAPCELL_ROW_8_106,VDD,Metal1,144.4800,50.2900,4.999961
TAP_TAPCELL_ROW_8_105,VDD,Metal1,105.2800,50.2900,4.999962
TAP_TAPCELL_ROW_8_104,VDD,Metal1,66.0800,50.2900,4.999968
TAP_TAPCELL_ROW_8_103,VDD,Metal1,26.8800,50.2900,4.999975
TAP_TAPCELL_ROW_7_102,VDD,Metal1,124.8800,43.7900,4.999949
TAP_TAPCELL_ROW_7_101,VDD,Metal1,85.6800,43.7900,4.999956
TAP_TAPCELL_ROW_7_100,VDD,Metal1,46.4800,43.7900,4.999960
TAP_TAPCELL_ROW_6_99,VDD,Metal1,144.4800,42.4500,4.999949
TAP_TAPCELL_ROW_6_98,VDD,Metal1,105.2800,42.4500,4.999951
TAP_TAPCELL_ROW_6_97,VDD,Metal1,66.0800,42.4500,4.999957
TAP_TAPCELL_ROW_6_96,VDD,Metal1,26.8800,42.4500,4.999969
TAP_TAPCELL_ROW_5_95,VDD,Metal1,124.8800,35.9500,4.999967
TAP_TAPCELL_ROW_5_94,VDD,Metal1,85.6800,35.9500,4.999970
TAP_TAPCELL_ROW_5_93,VDD,Metal1,46.4800,35.9500,4.999973
TAP_TAPCELL_ROW_4_92,VDD,Metal1,144.4800,34.6100,4.999967
TAP_TAPCELL_ROW_4_91,VDD,Metal1,105.2800,34.6100,4.999969
TAP_TAPCELL_ROW_4_90,VDD,Metal1,66.0800,34.6100,4.999971
TAP_TAPCELL_ROW_4_89,VDD,Metal1,26.8800,34.6100,4.999974
TAP_TAPCELL_ROW_3_88,VDD,Metal1,124.8800,28.1100,4.999946
TAP_TAPCELL_ROW_3_87,VDD,Metal1,85.6800,28.1100,4.999948
TAP_TAPCELL_ROW_3_86,VDD,Metal1,46.4800,28.1100,4.999962
TAP_TAPCELL_ROW_2_85,VDD,Metal1,144.4800,26.7700,4.999946
TAP_TAPCELL_ROW_2_84,VDD,Metal1,105.2800,26.7700,4.999947
TAP_TAPCELL_ROW_2_83,VDD,Metal1,66.0800,26.7700,4.999960
TAP_TAPCELL_ROW_2_82,VDD,Metal1,26.8800,26.7700,4.999964
TAP_TAPCELL_ROW_1_81,VDD,Metal1,124.8800,20.2700,4.999933
TAP_TAPCELL_ROW_1_80,VDD,Metal1,85.6800,20.2700,4.999942
TAP_TAPCELL_ROW_1_79,VDD,Metal1,46.4800,20.2700,4.999946
TAP_TAPCELL_ROW_0_78,VDD,Metal1,140.5600,18.9300,4.999933
TAP_TAPCELL_ROW_0_77,VDD,Metal1,121.5200,18.9300,4.999934
TAP_TAPCELL_ROW_0_76,VDD,Metal1,102.4800,18.9300,4.999934
TAP_TAPCELL_ROW_0_75,VDD,Metal1,83.4400,18.9300,4.999942
TAP_TAPCELL_ROW_0_74,VDD,Metal1,64.4000,18.9300,4.999944
TAP_TAPCELL_ROW_0_73,VDD,Metal1,45.3600,18.9300,4.999947
TAP_TAPCELL_ROW_0_72,VDD,Metal1,26.3200,18.9300,4.999950
PHY_EDGE_ROW_35_Left_71,VDD,Metal1,7.2730,153.5515,4.999976
PHY_EDGE_ROW_34_Left_70,VDD,Metal1,7.2730,152.2080,4.999976
PHY_EDGE_ROW_33_Left_69,VDD,Metal1,7.2730,145.7115,4.999941
PHY_EDGE_ROW_32_Left_68,VDD,Metal1,7.2730,144.3680,4.999941
PHY_EDGE_ROW_31_Left_67,VDD,Metal1,7.2730,137.8715,4.999970
PHY_EDGE_ROW_30_Left_66,VDD,Metal1,7.2730,136.5280,4.999970
PHY_EDGE_ROW_29_Left_65,VDD,Metal1,7.2730,130.0315,4.999941
PHY_EDGE_ROW_28_Left_64,VDD,Metal1,7.2730,128.6880,4.999941
PHY_EDGE_ROW_27_Left_63,VDD,Metal1,7.2730,122.1915,4.999903
PHY_EDGE_ROW_26_Left_62,VDD,Metal1,7.2730,120.8480,4.999903
PHY_EDGE_ROW_25_Left_61,VDD,Metal1,7.2730,114.3515,4.999867
PHY_EDGE_ROW_24_Left_60,VDD,Metal1,7.2730,113.0080,4.999867
PHY_EDGE_ROW_23_Left_59,VDD,Metal1,7.2730,106.5115,4.999916
PHY_EDGE_ROW_22_Left_58,VDD,Metal1,7.2730,105.1680,4.999916
PHY_EDGE_ROW_21_Left_57,VDD,Metal1,7.2730,98.6715,4.999973
PHY_EDGE_ROW_20_Left_56,VDD,Metal1,7.2730,97.3280,4.999973
PHY_EDGE_ROW_19_Left_55,VDD,Metal1,7.2730,90.8315,4.999900
PHY_EDGE_ROW_18_Left_54,VDD,Metal1,7.2730,89.4880,4.999900
PHY_EDGE_ROW_17_Left_53,VDD,Metal1,7.2730,82.9915,4.999986
PHY_EDGE_ROW_16_Left_52,VDD,Metal1,7.2730,81.6480,4.999986
PHY_EDGE_ROW_15_Left_51,VDD,Metal1,7.2730,75.1515,4.999982
PHY_EDGE_ROW_14_Left_50,VDD,Metal1,7.2730,73.8080,4.999982
PHY_EDGE_ROW_13_Left_49,VDD,Metal1,7.2730,67.3115,4.999937
PHY_EDGE_ROW_12_Left_48,VDD,Metal1,7.2730,65.9680,4.999937
PHY_EDGE_ROW_11_Left_47,VDD,Metal1,7.2730,59.4715,4.999841
PHY_EDGE_ROW_10_Left_46,VDD,Metal1,7.2730,58.1280,4.999841
PHY_EDGE_ROW_9_Left_45,VDD,Metal1,7.2730,51.6315,4.999977
PHY_EDGE_ROW_8_Left_44,VDD,Metal1,7.2730,50.2880,4.999977
PHY_EDGE_ROW_7_Left_43,VDD,Metal1,7.2730,43.7915,4.999970
PHY_EDGE_ROW_6_Left_42,VDD,Metal1,7.2730,42.4480,4.999970
PHY_EDGE_ROW_5_Left_41,VDD,Metal1,7.2730,35.9515,4.999975
PHY_EDGE_ROW_4_Left_40,VDD,Metal1,7.2730,34.6080,4.999975
PHY_EDGE_ROW_3_Left_39,VDD,Metal1,7.2730,28.1115,4.999965
PHY_EDGE_ROW_2_Left_38,VDD,Metal1,7.2730,26.7680,4.999965
PHY_EDGE_ROW_1_Left_37,VDD,Metal1,7.2730,20.2715,4.999950
PHY_EDGE_ROW_0_Left_36,VDD,Metal1,7.2730,18.9280,4.999950
PHY_EDGE_ROW_35_Right_35,VDD,Metal1,150.6465,153.5515,4.999965
PHY_EDGE_ROW_34_Right_34,VDD,Metal1,150.6465,152.2080,4.999965
PHY_EDGE_ROW_33_Right_33,VDD,Metal1,150.6465,145.7115,4.999924
PHY_EDGE_ROW_32_Right_32,VDD,Metal1,150.6465,144.3680,4.999924
PHY_EDGE_ROW_31_Right_31,VDD,Metal1,150.6465,137.8715,4.999955
PHY_EDGE_ROW_30_Right_30,VDD,Metal1,150.6465,136.5280,4.999955
PHY_EDGE_ROW_29_Right_29,VDD,Metal1,150.6465,130.0315,4.999929
PHY_EDGE_ROW_28_Right_28,VDD,Metal1,150.6465,128.6880,4.999929
PHY_EDGE_ROW_27_Right_27,VDD,Metal1,150.6465,122.1915,4.999841
PHY_EDGE_ROW_26_Right_26,VDD,Metal1,150.6465,120.8480,4.999841
PHY_EDGE_ROW_25_Right_25,VDD,Metal1,150.6465,114.3515,4.999770
PHY_EDGE_ROW_24_Right_24,VDD,Metal1,150.6465,113.0080,4.999770
PHY_EDGE_ROW_23_Right_23,VDD,Metal1,150.6465,106.5115,4.999467
PHY_EDGE_ROW_22_Right_22,VDD,Metal1,150.6465,105.1680,4.999467
PHY_EDGE_ROW_21_Right_21,VDD,Metal1,150.6465,98.6715,4.999952
PHY_EDGE_ROW_20_Right_20,VDD,Metal1,150.6465,97.3280,4.999952
PHY_EDGE_ROW_19_Right_19,VDD,Metal1,150.6465,90.8315,4.999824
PHY_EDGE_ROW_18_Right_18,VDD,Metal1,150.6465,89.4880,4.999824
PHY_EDGE_ROW_17_Right_17,VDD,Metal1,150.6465,82.9915,4.999978
PHY_EDGE_ROW_16_Right_16,VDD,Metal1,150.6465,81.6480,4.999978
PHY_EDGE_ROW_15_Right_15,VDD,Metal1,150.6465,75.1515,4.999962
PHY_EDGE_ROW_14_Right_14,VDD,Metal1,150.6465,73.8080,4.999962
PHY_EDGE_ROW_13_Right_13,VDD,Metal1,150.6465,67.3115,4.999891
PHY_EDGE_ROW_12_Right_12,VDD,Metal1,150.6465,65.9680,4.999891
PHY_EDGE_ROW_11_Right_11,VDD,Metal1,150.6465,59.4715,4.999718
PHY_EDGE_ROW_10_Right_10,VDD,Metal1,150.6465,58.1280,4.999718
PHY_EDGE_ROW_9_Right_9,VDD,Metal1,150.6465,51.6315,4.999961
PHY_EDGE_ROW_8_Right_8,VDD,Metal1,150.6465,50.2880,4.999961
PHY_EDGE_ROW_7_Right_7,VDD,Metal1,150.6465,43.7915,4.999949
PHY_EDGE_ROW_6_Right_6,VDD,Metal1,150.6465,42.4480,4.999949
PHY_EDGE_ROW_5_Right_5,VDD,Metal1,150.6465,35.9515,4.999967
PHY_EDGE_ROW_4_Right_4,VDD,Metal1,150.6465,34.6080,4.999967
PHY_EDGE_ROW_3_Right_3,VDD,Metal1,150.6465,28.1115,4.999946
PHY_EDGE_ROW_2_Right_2,VDD,Metal1,150.6465,26.7680,4.999946
PHY_EDGE_ROW_1_Right_1,VDD,Metal1,150.6465,20.2715,4.999933
PHY_EDGE_ROW_0_Right_0,VDD,Metal1,150.6465,18.9280,4.999933
_902_,VDD,Metal1,71.6900,152.6075,4.999971
_901_,VDD,Metal1,21.4465,20.1845,4.999950
_900_,VDD,Metal1,15.8465,19.0150,4.999950
_899_,VDD,Metal1,18.0865,144.4550,4.999941
_898_,VDD,Metal1,16.0730,145.6245,4.999941
_897_,VDD,Metal1,22.5665,122.1045,4.999903
_896_,VDD,Metal1,17.5265,129.9445,4.999941
_895_,VDD,Metal1,83.0465,81.7350,4.999981
_894_,VDD,Metal1,80.8065,73.8950,4.999964
_893_,VDD,Metal1,121.6865,81.7350,4.999978
_892_,VDD,Metal1,129.5265,73.8950,4.999962
_891_,VDD,Metal1,66.8065,75.0645,4.999964
_890_,VDD,Metal1,66.8065,67.2245,4.999912
_889_,VDD,Metal1,129.7530,50.3750,4.999962
_888_,VDD,Metal1,128.6330,42.5350,4.999949
_887_,VDD,Metal1,125.6065,34.6950,4.999967
_886_,VDD,Metal1,103.2065,20.1845,4.999934
_885_,VDD,Metal1,111.6065,19.0150,4.999934
_884_,VDD,Metal1,88.3130,26.8550,4.999948
_883_,VDD,Metal1,71.8465,20.1845,4.999943
_882_,VDD,Metal1,72.9665,19.0150,4.999943
_881_,VDD,Metal1,121.3530,128.7750,4.999929
_880_,VDD,Metal1,116.8730,136.6150,4.999955
_879_,VDD,Metal1,96.4865,120.9350,4.999842
_878_,VDD,Metal1,103.2065,129.9445,4.999930
_877_,VDD,Metal1,118.8865,97.4150,4.999952
_876_,VDD,Metal1,113.2865,106.4245,4.999468
_875_,VDD,Metal1,96.4865,105.2550,4.999470
_874_,VDD,Metal1,101.5265,90.7445,4.999824
_873_,VDD,Metal1,94.2465,145.6245,4.999925
_872_,VDD,Metal1,85.2865,128.7750,4.999931
_871_,VDD,Metal1,77.1130,145.6245,4.999925
_870_,VDD,Metal1,70.7265,129.9445,4.999932
_869_,VDD,Metal1,90.5530,144.4550,4.999925
_868_,VDD,Metal1,68.1530,122.1045,4.999868
_867_,VDD,Metal1,57.5130,120.9350,4.999868
_866_,VDD,Metal1,72.9665,98.5845,4.999954
_865_,VDD,Metal1,141.8465,145.6245,4.999924
_864_,VDD,Metal1,141.8465,67.2245,4.999891
_863_,VDD,Metal1,133.6730,137.7845,4.999955
_862_,VDD,Metal1,135.9130,136.6150,4.999955
_861_,VDD,Metal1,142.0730,129.9445,4.999929
_860_,VDD,Metal1,142.0730,122.1045,4.999841
_859_,VDD,Metal1,141.8465,114.2645,4.999770
_858_,VDD,Metal1,142.0730,106.4245,4.999467
_857_,VDD,Metal1,142.0730,98.5845,4.999952
_856_,VDD,Metal1,141.8465,90.7445,4.999824
_855_,VDD,Metal1,141.8465,59.3845,4.999718
_854_,VDD,Metal1,141.8465,51.5445,4.999961
_853_,VDD,Metal1,141.8465,43.7045,4.999949
_852_,VDD,Metal1,141.8465,35.8645,4.999967
_851_,VDD,Metal1,133.4465,20.1845,4.999933
_850_,VDD,Metal1,131.7665,19.0150,4.999933
_849_,VDD,Metal1,141.8465,28.0245,4.999946
_848_,VDD,Metal1,125.8330,26.8550,4.999946
_847_,VDD,Metal1,45.5265,26.8550,4.999962
_846_,VDD,Metal1,15.8465,136.6150,4.999970
_845_,VDD,Metal1,15.8465,34.6950,4.999975
_844_,VDD,Metal1,37.6865,20.1845,4.999948
_843_,VDD,Metal1,48.8865,152.2950,4.999974
_842_,VDD,Metal1,42.1665,144.4550,4.999937
_841_,VDD,Metal1,33.7665,145.6245,4.999937
_840_,VDD,Metal1,30.9665,137.7845,4.999969
_839_,VDD,Metal1,33.9930,129.9445,4.999938
_838_,VDD,Metal1,37.6865,128.7750,4.999938
_837_,VDD,Metal1,37.6865,114.2645,4.999806
_836_,VDD,Metal1,15.8465,42.5350,4.999970
_835_,VDD,Metal1,15.8465,90.7445,4.999900
_834_,VDD,Metal1,37.6865,98.5845,4.999957
_833_,VDD,Metal1,35.6730,106.4245,4.999901
_832_,VDD,Metal1,16.4065,120.9350,4.999903
_831_,VDD,Metal1,30.6330,28.0245,4.999964
_830_,VDD,Metal1,15.8465,26.8550,4.999965
_829_,VDD,Metal1,55.6065,20.1845,4.999945
_828_,VDD,Metal1,62.8865,35.8645,4.999971
_827_,VDD,Metal1,64.5665,43.7045,4.999957
_826_,VDD,Metal1,63.4465,51.5445,4.999968
_825_,VDD,Metal1,113.8465,152.2950,4.999966
_824_,VDD,Metal1,130.0865,152.2950,4.999965
_823_,VDD,Metal1,110.4865,145.6245,4.999924
_822_,VDD,Metal1,74.6465,120.9350,4.999868
_821_,VDD,Metal1,121.3530,144.4550,4.999924
_820_,VDD,Metal1,127.5130,105.2550,4.999468
_819_,VDD,Metal1,64.5665,114.2645,4.999805
_818_,VDD,Metal1,62.8865,90.7445,4.999826
_817_,VDD,Metal1,16.0730,114.2645,4.999867
_816_,VDD,Metal1,69.9300,113.3075,4.999805
_815_,VDD,Metal1,74.2100,114.2430,4.999803
_814_,VDD,Metal1,70.7000,97.6175,4.999954
_813_,VDD,Metal1,76.0430,97.5665,4.999954
_812_,VDD,Metal1,76.2600,144.6175,4.999925
_811_,VDD,Metal1,147.9800,144.6575,4.999924
_810_,VDD,Metal1,147.9800,50.5775,4.999961
_809_,VDD,Metal1,147.1630,42.6865,4.999949
_808_,VDD,Metal1,137.1000,153.3025,4.999965
_807_,VDD,Metal1,122.3375,145.3350,4.999924
_806_,VDD,Metal1,76.8200,137.6225,4.999960
_805_,VDD,Metal1,140.3025,152.5850,4.999965
_804_,VDD,Metal1,147.3800,152.4575,4.999965
_803_,VDD,Metal1,147.0225,136.9050,4.999955
_802_,VDD,Metal1,73.4600,137.6225,4.999960
_801_,VDD,Metal1,147.0225,129.0650,4.999929
_800_,VDD,Metal1,123.3000,121.9425,4.999841
_799_,VDD,Metal1,147.0225,113.3850,4.999770
_798_,VDD,Metal1,127.7800,98.4225,4.999952
_797_,VDD,Metal1,130.7825,98.2950,4.999952
_796_,VDD,Metal1,141.5800,105.4175,4.999467
_795_,VDD,Metal1,137.5025,105.5450,4.999467
_794_,VDD,Metal1,127.7800,82.7425,4.999978
_793_,VDD,Metal1,130.7825,82.6150,4.999978
_792_,VDD,Metal1,146.3900,105.4175,4.999467
_791_,VDD,Metal1,147.3800,34.8575,4.999967
_790_,VDD,Metal1,148.0975,58.5050,4.999718
_789_,VDD,Metal1,104.8200,43.5425,4.999951
_788_,VDD,Metal1,131.8575,51.2550,4.999962
_787_,VDD,Metal1,108.1800,43.5425,4.999950
_786_,VDD,Metal1,139.6975,42.8250,4.999949
_785_,VDD,Metal1,114.3400,20.0225,4.999934
_784_,VDD,Metal1,131.8575,35.5750,4.999967
_783_,VDD,Metal1,97.5400,19.1775,4.999934
_782_,VDD,Metal1,128.4975,27.7350,4.999946
_781_,VDD,Metal1,98.6600,34.8575,4.999970
_780_,VDD,Metal1,143.6625,19.8950,4.999933
_779_,VDD,Metal1,100.9000,19.1775,4.999934
_778_,VDD,Metal1,148.0975,27.1450,4.999946
_777_,VDD,Metal1,147.7400,20.0225,4.999933
_776_,VDD,Metal1,108.3375,35.5750,4.999969
_775_,VDD,Metal1,128.3800,43.5025,4.999949
_774_,VDD,Metal1,48.6265,19.1525,4.999945
_773_,VDD,Metal1,11.3000,128.9375,4.999941
_772_,VDD,Metal1,14.6600,35.7025,4.999975
_771_,VDD,Metal1,30.3330,26.9925,4.999964
_770_,VDD,Metal1,50.5075,145.6190,4.999936
_769_,VDD,Metal1,39.8675,153.4590,4.999974
_768_,VDD,Metal1,35.9475,152.3005,4.999974
_767_,VDD,Metal1,31.4675,153.4590,4.999974
_766_,VDD,Metal1,44.9075,136.6205,4.999968
_765_,VDD,Metal1,38.5230,121.9530,4.999896
_764_,VDD,Metal1,41.7460,105.4500,4.999901
_763_,VDD,Metal1,38.1965,121.0865,4.999896
_762_,VDD,Metal1,36.7060,105.4500,4.999901
_761_,VDD,Metal1,30.9075,42.5405,4.999969
_760_,VDD,Metal1,42.6100,35.7025,4.999973
_759_,VDD,Metal1,15.2600,89.7775,4.999900
_758_,VDD,Metal1,18.2100,89.5965,4.999900
_757_,VDD,Metal1,16.6830,97.5665,4.999973
_756_,VDD,Metal1,41.5565,90.5930,4.999847
_755_,VDD,Metal1,38.9000,89.7225,4.999848
_754_,VDD,Metal1,32.6200,105.4575,4.999901
_753_,VDD,Metal1,31.4665,97.4365,4.999958
_752_,VDD,Metal1,38.6230,97.5365,4.999957
_751_,VDD,Metal1,26.5900,90.7230,4.999890
_750_,VDD,Metal1,23.1900,105.4175,4.999916
_749_,VDD,Metal1,29.5800,113.2575,4.999814
_748_,VDD,Metal1,24.9700,97.5775,4.999971
_747_,VDD,Metal1,21.7900,89.7375,4.999900
_746_,VDD,Metal1,23.9800,82.7425,4.999986
_745_,VDD,Metal1,12.1800,106.2225,4.999916
_744_,VDD,Metal1,15.9700,105.2765,4.999916
_743_,VDD,Metal1,16.6830,98.4330,4.999973
_742_,VDD,Metal1,17.1025,106.1350,4.999916
_741_,VDD,Metal1,48.5800,90.5425,4.999843
_740_,VDD,Metal1,46.7860,89.7700,4.999843
_739_,VDD,Metal1,18.2825,81.8975,4.999986
_738_,VDD,Metal1,13.5400,97.5775,4.999973
_737_,VDD,Metal1,24.0630,58.3365,4.999842
_736_,VDD,Metal1,33.5300,58.4275,4.999830
_735_,VDD,Metal1,44.3800,34.8975,4.999973
_734_,VDD,Metal1,35.9800,27.0575,4.999964
_733_,VDD,Metal1,38.7565,43.5530,4.999968
_732_,VDD,Metal1,46.6200,50.5775,4.999973
_731_,VDD,Metal1,19.5065,27.8875,4.999965
_730_,VDD,Metal1,23.1000,35.6625,4.999975
_729_,VDD,Metal1,34.5225,43.5425,4.999969
_728_,VDD,Metal1,37.7175,42.6975,4.999968
_727_,VDD,Metal1,10.9100,35.8430,4.999975
_726_,VDD,Metal1,22.4165,43.5830,4.999970
_725_,VDD,Metal1,28.4600,50.5375,4.999975
_724_,VDD,Metal1,16.6800,51.3975,4.999977
_723_,VDD,Metal1,22.0935,50.5700,4.999977
_722_,VDD,Metal1,23.0800,51.3975,4.999977
_721_,VDD,Metal1,20.4660,59.1900,4.999842
_720_,VDD,Metal1,34.1765,59.2630,4.999830
_719_,VDD,Metal1,25.5060,59.1900,4.999841
_718_,VDD,Metal1,18.7800,74.9175,4.999982
_717_,VDD,Metal1,16.1330,73.9165,4.999982
_716_,VDD,Metal1,12.1800,66.2575,4.999937
_715_,VDD,Metal1,14.2700,58.2365,4.999842
_714_,VDD,Metal1,18.0600,66.2575,4.999937
_713_,VDD,Metal1,33.3460,51.3500,4.999974
_712_,VDD,Metal1,57.4825,27.0175,4.999962
_711_,VDD,Metal1,52.9460,51.3500,4.999972
_710_,VDD,Metal1,54.8300,42.6975,4.999958
_709_,VDD,Metal1,55.0200,43.5025,4.999958
_708_,VDD,Metal1,62.0525,50.3805,4.999968
_707_,VDD,Metal1,50.7060,50.5700,4.999973
_706_,VDD,Metal1,61.4925,66.0605,4.999913
_705_,VDD,Metal1,51.4130,66.0765,4.999921
_704_,VDD,Metal1,45.6660,66.2500,4.999923
_703_,VDD,Metal1,33.8535,74.0900,4.999974
_702_,VDD,Metal1,43.4260,59.1900,4.999793
_701_,VDD,Metal1,11.9265,74.9615,4.999982
_700_,VDD,Metal1,48.5800,59.1825,4.999793
_699_,VDD,Metal1,38.3860,59.1900,4.999794
_698_,VDD,Metal1,39.9900,50.5375,4.999973
_697_,VDD,Metal1,34.4135,66.2500,4.999932
_696_,VDD,Metal1,22.5300,74.1290,4.999982
_695_,VDD,Metal1,48.4500,75.0430,4.999967
_694_,VDD,Metal1,42.4430,74.9130,4.999973
_693_,VDD,Metal1,49.0100,43.6830,4.999959
_692_,VDD,Metal1,78.2925,152.3005,4.999971
_691_,VDD,Metal1,128.9075,114.2590,4.999770
_690_,VDD,Metal1,70.4525,153.4590,4.999971
_689_,VDD,Metal1,74.5965,113.2465,4.999803
_688_,VDD,Metal1,61.3460,105.4500,4.999473
_687_,VDD,Metal1,128.9075,145.6190,4.999924
_686_,VDD,Metal1,128.9075,106.4190,4.999468
_685_,VDD,Metal1,61.7165,97.5665,4.999954
_684_,VDD,Metal1,60.2260,98.3900,4.999955
_683_,VDD,Metal1,60.0365,89.7265,4.999826
_682_,VDD,Metal1,56.8135,81.9300,4.999983
_681_,VDD,Metal1,45.8700,42.6975,4.999960
_680_,VDD,Metal1,29.4100,43.6830,4.999969
_679_,VDD,Metal1,53.5300,35.7025,4.999972
_678_,VDD,Metal1,49.7230,34.8465,4.999972
_677_,VDD,Metal1,42.2700,43.6830,4.999968
_676_,VDD,Metal1,16.7000,35.7025,4.999975
_675_,VDD,Metal1,25.4900,114.2430,4.999863
_674_,VDD,Metal1,19.3675,113.2575,4.999867
_673_,VDD,Metal1,19.7165,105.4065,4.999916
_672_,VDD,Metal1,24.6565,113.2165,4.999863
_671_,VDD,Metal1,51.0765,106.2730,4.999499
_670_,VDD,Metal1,55.4565,129.8230,4.999936
_669_,VDD,Metal1,55.7300,137.7630,4.999966
_668_,VDD,Metal1,57.4225,144.7450,4.999933
_667_,VDD,Metal1,62.4625,144.7450,4.999932
_666_,VDD,Metal1,46.7860,121.1300,4.999892
_665_,VDD,Metal1,52.5100,129.0090,4.999936
_664_,VDD,Metal1,52.3375,121.8150,4.999868
_663_,VDD,Metal1,44.5100,129.9230,4.999938
_662_,VDD,Metal1,48.4500,137.7630,4.999968
_661_,VDD,Metal1,48.4500,128.7965,4.999936
_660_,VDD,Metal1,48.4300,114.2430,4.999806
_659_,VDD,Metal1,52.3825,136.9050,4.999968
_658_,VDD,Metal1,56.8500,136.6365,4.999966
_657_,VDD,Metal1,51.2300,137.7630,4.999968
_656_,VDD,Metal1,49.6075,129.7825,4.999936
_655_,VDD,Metal1,44.5100,145.6030,4.999937
_654_,VDD,Metal1,53.5275,144.6175,4.999936
_653_,VDD,Metal1,61.1300,145.5180,4.999932
_652_,VDD,Metal1,56.8300,153.4430,4.999974
_651_,VDD,Metal1,59.6875,137.6225,4.999966
_650_,VDD,Metal1,57.3900,145.6030,4.999933
_649_,VDD,Metal1,62.9525,152.4575,4.999973
_648_,VDD,Metal1,68.5525,144.6175,4.999927
_647_,VDD,Metal1,59.6300,153.4430,4.999973
_646_,VDD,Metal1,47.4600,105.4575,4.999505
_645_,VDD,Metal1,51.1000,98.3825,4.999955
_644_,VDD,Metal1,51.8100,105.2765,4.999499
_643_,VDD,Metal1,111.5005,122.0890,4.999841
_642_,VDD,Metal1,110.9405,98.5690,4.999952
_641_,VDD,Metal1,21.7000,106.2225,4.999916
_640_,VDD,Metal1,22.9430,74.9430,4.999982
_639_,VDD,Metal1,14.9800,59.1825,4.999842
_638_,VDD,Metal1,13.1500,50.3965,4.999977
_637_,VDD,Metal1,12.4200,59.2225,4.999841
_636_,VDD,Metal1,48.4300,51.5230,4.999973
_635_,VDD,Metal1,15.5800,82.7425,4.999986
_634_,VDD,Metal1,21.4465,67.0815,4.999937
_633_,VDD,Metal1,46.4630,81.8565,4.999984
_632_,VDD,Metal1,27.5800,67.0225,4.999935
_631_,VDD,Metal1,50.6900,89.5965,4.999841
_630_,VDD,Metal1,19.1400,43.5425,4.999970
_629_,VDD,Metal1,15.4100,43.6830,4.999970
_628_,VDD,Metal1,37.6200,50.5375,4.999973
_627_,VDD,Metal1,29.1030,74.0165,4.999974
_626_,VDD,Metal1,34.4135,74.8700,4.999974
_625_,VDD,Metal1,27.7300,98.5630,4.999968
_624_,VDD,Metal1,33.3460,89.7700,4.999884
_623_,VDD,Metal1,47.5500,74.0575,4.999967
_622_,VDD,Metal1,24.0630,81.8565,4.999986
_621_,VDD,Metal1,48.3900,67.0625,4.999921
_620_,VDD,Metal1,21.5500,82.8830,4.999986
_619_,VDD,Metal1,54.9800,82.7425,4.999983
_618_,VDD,Metal1,43.3900,81.7565,4.999984
_617_,VDD,Metal1,16.9000,50.5375,4.999977
_616_,VDD,Metal1,34.4135,67.0300,4.999932
_615_,VDD,Metal1,36.7060,81.9300,4.999985
_614_,VDD,Metal1,44.5700,67.0625,4.999923
_613_,VDD,Metal1,37.4200,74.0575,4.999974
_612_,VDD,Metal1,43.5800,82.7425,4.999984
_611_,VDD,Metal1,49.6600,35.7150,4.999972
_610_,VDD,Metal1,52.2465,27.9215,4.999962
_609_,VDD,Metal1,55.9000,27.8625,4.999962
_608_,VDD,Metal1,44.5100,28.0030,4.999962
_607_,VDD,Metal1,54.4200,34.8575,4.999972
_606_,VDD,Metal1,41.7300,28.0030,4.999962
_605_,VDD,Metal1,103.4600,74.8625,4.999963
_604_,VDD,Metal1,112.5765,59.2630,4.999719
_603_,VDD,Metal1,108.8375,74.0575,4.999962
_602_,VDD,Metal1,107.9400,67.0225,4.999894
_601_,VDD,Metal1,79.0330,75.0430,4.999964
_600_,VDD,Metal1,74.3800,89.7375,4.999825
_599_,VDD,Metal1,73.1930,58.3580,4.999793
_598_,VDD,Metal1,77.5335,67.0300,4.999910
_597_,VDD,Metal1,82.0500,58.2365,4.999791
_596_,VDD,Metal1,68.7800,82.7425,4.999982
_595_,VDD,Metal1,107.2500,81.7565,4.999980
_594_,VDD,Metal1,95.1830,74.9430,4.999964
_593_,VDD,Metal1,122.9100,106.4030,4.999468
_592_,VDD,Metal1,127.7800,51.3825,4.999962
_591_,VDD,Metal1,130.9400,43.5425,4.999948
_590_,VDD,Metal1,110.7130,58.3580,4.999720
_589_,VDD,Metal1,103.0565,58.3365,4.999727
_588_,VDD,Metal1,126.4600,35.7025,4.999967
_587_,VDD,Metal1,140.7000,50.5775,4.999961
_586_,VDD,Metal1,131.5000,27.8625,4.999946
_585_,VDD,Metal1,103.3100,50.3965,4.999963
_584_,VDD,Metal1,113.4825,51.3825,4.999962
_583_,VDD,Metal1,112.8135,35.6700,4.999968
_582_,VDD,Metal1,115.6175,34.9850,4.999968
_581_,VDD,Metal1,112.4600,42.6975,4.999950
_580_,VDD,Metal1,94.9100,59.3630,4.999737
_579_,VDD,Metal1,112.9225,43.5425,4.999950
_578_,VDD,Metal1,108.3860,42.7300,4.999950
_577_,VDD,Metal1,98.3930,27.8815,4.999947
_576_,VDD,Metal1,107.2300,26.8765,4.999947
_575_,VDD,Metal1,102.2260,34.8900,4.999970
_574_,VDD,Metal1,108.5100,34.9290,4.999969
_573_,VDD,Metal1,103.7400,35.6625,4.999970
_572_,VDD,Metal1,102.8425,27.0175,4.999947
_571_,VDD,Metal1,102.4300,51.3825,4.999963
_570_,VDD,Metal1,111.8700,27.7905,4.999947
_569_,VDD,Metal1,105.8000,27.7050,4.999947
_568_,VDD,Metal1,87.7225,34.8575,4.999970
_567_,VDD,Metal1,99.1700,51.3825,4.999963
_566_,VDD,Metal1,88.9100,27.7905,4.999948
_565_,VDD,Metal1,89.3600,19.9575,4.999935
_564_,VDD,Metal1,90.6200,34.8575,4.999970
_563_,VDD,Metal1,71.9800,34.8425,4.999971
_562_,VDD,Metal1,75.3300,26.8765,4.999960
_561_,VDD,Metal1,73.5925,35.7025,4.999971
_560_,VDD,Metal1,69.7000,27.0025,4.999960
_559_,VDD,Metal1,78.1300,26.8765,4.999956
_558_,VDD,Metal1,82.6100,34.7165,4.999970
_557_,VDD,Metal1,91.0260,50.5700,4.999966
_556_,VDD,Metal1,97.3000,58.4175,4.999729
_555_,VDD,Metal1,101.6660,59.1900,4.999727
_554_,VDD,Metal1,83.4565,27.9030,4.999948
_553_,VDD,Metal1,88.7335,51.3500,4.999966
_552_,VDD,Metal1,95.0200,34.8450,4.999970
_551_,VDD,Metal1,92.0375,58.3775,4.999738
_550_,VDD,Metal1,88.4965,74.9430,4.999964
_549_,VDD,Metal1,71.9860,50.5700,4.999968
_548_,VDD,Metal1,74.3500,51.3105,4.999968
_547_,VDD,Metal1,108.9700,59.2225,4.999720
_546_,VDD,Metal1,100.5300,50.3965,4.999963
_545_,VDD,Metal1,109.8530,50.5125,4.999962
_544_,VDD,Metal1,128.9075,122.0990,4.999841
_543_,VDD,Metal1,147.1630,121.0865,4.999841
_542_,VDD,Metal1,147.5860,89.7700,4.999824
_541_,VDD,Metal1,144.3130,137.6815,4.999955
_540_,VDD,Metal1,104.0600,153.3025,4.999967
_539_,VDD,Metal1,130.3725,129.9390,4.999929
_538_,VDD,Metal1,102.5965,144.6065,4.999925
_537_,VDD,Metal1,110.0660,89.7700,4.999824
_536_,VDD,Metal1,111.0465,105.3580,4.999468
_535_,VDD,Metal1,112.4600,129.7825,4.999930
_534_,VDD,Metal1,96.0625,113.3850,4.999785
_533_,VDD,Metal1,101.1625,82.7425,4.999980
_532_,VDD,Metal1,141.2500,74.1290,4.999962
_531_,VDD,Metal1,92.1000,114.1175,4.999789
_530_,VDD,Metal1,86.8165,121.0565,4.999844
_529_,VDD,Metal1,87.6300,122.0830,4.999844
_528_,VDD,Metal1,87.2525,136.6205,4.999957
_527_,VDD,Metal1,107.9630,144.6065,4.999924
_526_,VDD,Metal1,147.5860,81.9300,4.999978
_525_,VDD,Metal1,98.9530,114.1615,4.999785
_524_,VDD,Metal1,87.2600,114.1025,4.999789
_523_,VDD,Metal1,130.3725,90.7390,4.999824
_522_,VDD,Metal1,113.2365,67.0730,4.999893
_521_,VDD,Metal1,111.1335,81.9300,4.999979
_520_,VDD,Metal1,115.5265,89.6780,4.999824
_519_,VDD,Metal1,78.8600,137.6225,4.999960
_518_,VDD,Metal1,119.3875,114.2590,4.999770
_517_,VDD,Metal1,147.1630,97.5665,4.999952
_516_,VDD,Metal1,147.5860,74.0900,4.999962
_515_,VDD,Metal1,116.3130,105.3580,4.999468
_514_,VDD,Metal1,87.7900,113.3290,4.999789
_513_,VDD,Metal1,100.3475,106.4190,4.999470
_512_,VDD,Metal1,107.9630,97.5665,4.999952
_511_,VDD,Metal1,147.5860,66.2500,4.999891
_510_,VDD,Metal1,101.7530,113.1980,4.999784
_509_,VDD,Metal1,89.4700,106.1905,4.999470
_508_,VDD,Metal1,94.3825,82.6150,4.999981
_507_,VDD,Metal1,101.1625,81.8975,4.999980
_506_,VDD,Metal1,129.4900,66.9905,4.999891
_505_,VDD,Metal1,91.3500,74.1075,4.999964
_504_,VDD,Metal1,103.0230,67.1030,4.999899
_503_,VDD,Metal1,99.0030,67.0730,4.999900
_502_,VDD,Metal1,100.9975,74.0575,4.999964
_501_,VDD,Metal1,95.4900,67.2030,4.999901
_500_,VDD,Metal1,108.3500,51.5230,4.999962
_499_,VDD,Metal1,96.1800,66.2575,4.999900
_498_,VDD,Metal1,93.2300,66.0765,4.999901
_497_,VDD,Metal1,90.2300,67.0125,4.999902
_496_,VDD,Metal1,82.4600,59.1825,4.999791
_495_,VDD,Metal1,68.5900,58.2365,4.999793
_494_,VDD,Metal1,88.9400,59.2225,4.999744
_493_,VDD,Metal1,101.4300,66.2675,4.999899
_492_,VDD,Metal1,98.1000,74.0575,4.999964
_491_,VDD,Metal1,97.7100,59.3630,4.999729
_490_,VDD,Metal1,133.5700,89.5965,4.999824
_489_,VDD,Metal1,100.3800,74.8625,4.999964
_488_,VDD,Metal1,82.7630,67.0730,4.999910
_487_,VDD,Metal1,94.2200,81.9375,4.999981
_486_,VDD,Metal1,76.4660,43.5100,4.999956
_485_,VDD,Metal1,84.9900,42.7690,4.999956
_484_,VDD,Metal1,77.7400,42.6975,4.999956
_483_,VDD,Metal1,92.1100,90.7230,4.999824
_482_,VDD,Metal1,88.7825,66.3450,4.999902
_481_,VDD,Metal1,89.8700,82.8830,4.999981
_480_,VDD,Metal1,94.9000,97.5625,4.999953
_479_,VDD,Metal1,87.9030,90.6230,4.999824
_478_,VDD,Metal1,83.7100,90.7230,4.999824
_477_,VDD,Metal1,92.4165,137.6630,4.999956
_476_,VDD,Metal1,97.9830,43.5830,4.999951
_475_,VDD,Metal1,96.2200,42.6975,4.999951
_474_,VDD,Metal1,100.3330,42.6725,4.999951
_473_,VDD,Metal1,86.4975,50.6650,4.999966
_472_,VDD,Metal1,88.7335,43.5100,4.999956
_471_,VDD,Metal1,81.6300,43.4705,4.999956
_470_,VDD,Metal1,83.7100,20.1630,4.999942
_469_,VDD,Metal1,74.9465,42.6725,4.999956
_468_,VDD,Metal1,87.9030,137.6630,4.999957
_467_,VDD,Metal1,74.1900,136.6365,4.999960
_466_,VDD,Metal1,68.5900,152.3165,4.999971
_465_,VDD,Metal1,77.9400,136.7775,4.999960
_464_,VDD,Metal1,79.9800,136.7775,4.999960
_463_,VDD,Metal1,81.0830,129.7930,4.999931
_462_,VDD,Metal1,78.9430,144.5765,4.999925
_461_,VDD,Metal1,59.6300,152.3165,4.999973
_460_,VDD,Metal1,62.4300,153.4430,4.999973
_459_,VDD,Metal1,62.5800,128.9775,4.999934
_458_,VDD,Metal1,69.8830,128.9265,4.999932
_457_,VDD,Metal1,82.8630,137.6630,4.999959
_456_,VDD,Metal1,72.5100,144.4765,4.999925
_455_,VDD,Metal1,69.7100,137.7630,4.999966
_454_,VDD,Metal1,79.1000,121.9025,4.999868
_453_,VDD,Metal1,82.9965,121.9530,4.999867
_452_,VDD,Metal1,80.2800,105.4175,4.999473
_451_,VDD,Metal1,73.8700,105.4175,4.999473
_450_,VDD,Metal1,82.6800,113.2575,4.999793
_449_,VDD,Metal1,81.8100,114.1025,4.999793
_448_,VDD,Metal1,104.9900,82.8830,4.999980
_447_,VDD,Metal1,92.5000,74.9025,4.999964
_446_,VDD,Metal1,86.9800,82.7550,4.999981
_445_,VDD,Metal1,78.9765,58.3365,4.999792
_444_,VDD,Metal1,71.3900,66.0765,4.999912
_443_,VDD,Metal1,84.8500,58.2365,4.999774
_442_,VDD,Metal1,67.6600,66.2175,4.999912
_441_,VDD,Metal1,80.8935,50.5700,4.999967
_440_,VDD,Metal1,118.7700,42.6975,4.999949
_439_,VDD,Metal1,17.4530,128.9125,4.999941
_438_,VDD,Metal1,14.6600,128.9375,4.999941
_437_,VDD,Metal1,9.1400,106.2750,4.999916
_436_,VDD,Metal1,103.4200,97.5650,4.999952
_435_,VDD,Metal1,92.5800,113.2450,4.999789
_434_,VDD,Metal1,79.7000,27.8750,4.999949
_433_,VDD,Metal1,98.3800,35.7150,4.999970
_432_,VDD,Metal1,69.8200,74.0450,4.999964
_431_,VDD,Metal1,67.3800,50.5250,4.999968
_430_,VDD,Metal1,33.4200,144.6050,4.999937
_429_,VDD,Metal1,100.4200,97.5650,4.999953
_428_,VDD,Metal1,106.5800,105.4050,4.999468
_427_,VDD,Metal1,12.5000,43.5550,4.999970
_426_,VDD,Metal1,24.8200,42.6850,4.999970
_425_,VDD,Metal1,42.3800,121.9550,4.999893
_424_,VDD,Metal1,45.1800,106.2750,4.999900
_423_,VDD,Metal1,51.3400,74.9150,4.999967
_422_,VDD,Metal1,18.6600,82.7550,4.999986
_421_,VDD,Metal1,22.7800,128.9250,4.999941
_420_,VDD,Metal1,56.7400,128.9250,4.999936
_419_,VDD,Metal1,76.5400,128.9250,4.999932
_418_,VDD,Metal1,72.0600,74.0450,4.999964
_417_,VDD,Metal1,71.3000,81.8850,4.999982
_416_,VDD,Metal1,64.7800,27.0050,4.999961
_415_,VDD,Metal1,25.5800,27.0050,4.999964
_414_,VDD,Metal1,19.7800,98.4350,4.999973
_413_,VDD,Metal1,32.6600,82.7550,4.999985
_412_,VDD,Metal1,44.4200,97.5650,4.999957
_411_,VDD,Metal1,29.3000,89.7250,4.999886
_410_,VDD,Metal1,64.2200,98.4350,4.999954
_409_,VDD,Metal1,71.5000,105.4050,4.999473
_408_,VDD,Metal1,55.0600,114.1150,4.999806
